9 1 2
10 2 3
11 5 6
12 6 7
13 6 38
14 7 1
15 7 8
16 7 39
17 8 2
18 8 9
19 8 40
20 9 3
21 9 41
22 10 11
23 10 31
24 10 49
25 11 4
26 11 12
27 11 32
28 11 43
29 11 50
30 12 5
31 12 13
32 12 33
33 12 44
34 12 51
35 13 6
36 13 14
37 13 34
38 13 38
39 13 45
40 13 52
41 14 7
42 14 15
43 14 35
44 14 39
45 14 46
46 14 53
47 15 8
48 15 16
49 15 36
50 15 40
51 15 47
52 15 54
53 16 9
54 16 37
55 16 41
56 16 48
57 16 55
58 17 10
59 17 18
60 17 24
61 17 31
62 18 11
63 18 19
64 18 25
65 18 32
66 19 12
67 19 20
68 19 26
69 19 33
70 20 13
71 20 21
72 20 27
73 20 34
74 21 14
75 21 22
76 21 28
77 21 35
78 22 15
79 22 23
80 22 29
81 22 36
82 23 16
83 23 30
84 23 37
85 24 17
86 24 25
87 24 31
88 25 18
89 25 26
90 25 32
91 26 19
92 26 27
93 26 33
94 27 20
95 27 28
96 27 34
97 28 21
98 28 29
99 28 35
100 29 22
101 29 30
102 29 36
103 30 23
104 30 37
105 31 10
106 31 32
107 31 49
108 31 56
109 32 11
110 32 33
111 32 50
112 32 57
113 33 12
114 33 34
115 33 51
116 33 58
117 34 13
118 34 35
119 34 52
120 34 59
121 35 14
122 35 36
123 35 53
124 35 60
125 36 15
126 36 37
127 36 54
128 36 61
129 37 16
130 37 55
131 37 62
132 38 39
133 38 65
134 39 40
135 39 66
136 40 2
137 40 41
138 40 67
139 41 3
140 41 68
141 42 43
142 43 44
143 44 45
144 44 64
145 45 38
146 45 46
147 45 65
148 46 39
149 46 47
150 46 66
151 47 40
152 47 48
153 47 67
154 48 41
155 48 68
156 49 42
157 49 50
158 49 56
159 49 74
160 50 43
161 50 51
162 50 57
163 50 75
164 51 44
165 51 52
166 51 58
167 51 76
168 52 45
169 52 53
170 52 59
171 52 77
172 53 46
173 53 54
174 53 60
175 53 78
176 54 47
177 54 55
178 54 61
179 54 79
180 55 48
181 55 62
182 55 80
183 56 49
184 56 57
185 56 74
186 56 81
187 57 50
188 57 58
189 57 75
190 57 82
191 58 51
192 58 59
193 58 76
194 58 83
195 59 52
196 59 60
197 59 77
198 59 84
199 60 53
200 60 61
201 60 78
202 60 85
203 61 54
204 61 62
205 61 79
206 61 86
207 62 55
208 62 80
209 62 87
210 64 65
211 65 66
212 65 70
213 66 67
214 66 71
215 67 68
216 67 72
217 68 73
218 69 70
219 70 71
220 70 91
221 71 72
222 71 92
223 72 73
224 72 93
225 73 94
226 74 75
227 74 81
228 74 88
229 74 108
230 75 63
231 75 76
232 75 82
233 75 89
234 75 109
235 76 64
236 76 69
237 76 77
238 76 83
239 76 90
240 76 110
241 77 65
242 77 70
243 77 78
244 77 84
245 77 91
246 77 111
247 78 66
248 78 71
249 78 79
250 78 85
251 78 92
252 78 112
253 79 67
254 79 72
255 79 80
256 79 86
257 79 93
258 79 113
259 80 68
260 80 73
261 80 87
262 80 94
263 80 114
264 81 56
265 81 74
266 81 82
267 81 108
268 82 57
269 82 75
270 82 83
271 82 109
272 83 58
273 83 76
274 83 84
275 83 110
276 84 59
277 84 77
278 84 85
279 84 111
280 85 60
281 85 78
282 85 86
283 85 112
284 86 61
285 86 79
286 86 87
287 86 113
288 87 62
289 87 80
290 87 114
291 88 89
292 88 108
293 89 90
294 89 102
295 89 109
296 90 91
297 90 103
298 90 110
299 91 92
300 91 104
301 91 111
302 92 93
303 92 105
304 92 112
305 93 94
306 93 106
307 93 113
308 94 100
309 94 107
310 94 114
311 95 96
312 96 97
313 97 98
314 98 99
315 99 100
316 99 134
317 100 135
318 101 102
319 101 122
320 102 95
321 102 103
322 102 123
323 103 96
324 103 104
325 103 124
326 104 97
327 104 105
328 104 125
329 104 132
330 105 98
331 105 106
332 105 126
333 105 133
334 106 99
335 106 107
336 106 127
337 106 134
338 107 100
339 107 128
340 107 135
341 108 74
342 108 101
343 108 109
344 108 115
345 108 122
346 109 75
347 109 102
348 109 110
349 109 116
350 109 123
351 110 76
352 110 103
353 110 111
354 110 117
355 110 124
356 111 77
357 111 104
358 111 112
359 111 118
360 111 125
361 112 78
362 112 105
363 112 113
364 112 119
365 112 126
366 113 79
367 113 106
368 113 114
369 113 120
370 113 127
371 114 80
372 114 107
373 114 121
374 114 128
375 115 101
376 115 116
377 115 122
378 116 102
379 116 117
380 116 123
381 117 103
382 117 118
383 117 124
384 118 104
385 118 119
386 118 125
387 119 105
388 119 120
389 119 126
390 120 106
391 120 121
392 120 127
393 121 107
394 121 128
395 122 101
396 122 115
397 122 123
398 122 136
399 123 102
400 123 116
401 123 124
402 123 137
403 124 103
404 124 117
405 124 125
406 124 138
407 125 104
408 125 118
409 125 126
410 125 139
411 126 105
412 126 119
413 126 127
414 126 140
415 127 106
416 127 120
417 127 128
418 127 141
419 128 107
420 128 121
421 128 142
422 129 130
423 129 136
424 130 131
425 130 137
426 131 132
427 131 138
428 132 104
429 132 133
430 132 139
431 133 105
432 133 134
433 133 140
434 134 106
435 134 135
436 134 141
437 135 107
438 135 142
439 136 137
440 137 138
441 138 139
442 139 140
443 140 141
444 141 142
